1034160704
1034160710
1082265382
1083395243
1093498402
114392193
114437603
114437606
118674257
118674285
118674389
118674442
118674718
118674740
118674743
118674754
118674760
118674807
118675025
118675028
118675041
118675048
118675074
118675122
118675123
118675204
118675215
118675273
118675408
118685254
118685255
118685260
118685298
118685321
118685324
118685357
118685592
118685802
118685820
118685823
118685876
118685881
118685915
118686023
118686024
118686096
118686111
118686160
118686169
118686190
118686243
118686244
118686247
118686251
118686304
118701394
118701400
118701489
118701685
1207975868
123279337
123279360
123282127
123282128
123282144
123282155
123282224
123282321
123282407
123282414
123282458
123282625
123282628
123282640
123282660
123282723
123282737
123282745
123282759
123282770
123282775
123282785
123282901
123282918
123282934
123282969
123283017
123283075
123283083
123283138
123283169
123283267
123283324
123283340
123283350
123283370
123283380
123283402
123283406
123283517
123283530
123283538
123283560
123283569
123283587
123283599
123283657
123283697
123283772
123283821
123283841
123283884
123283888
123283903
123283915
123283966
1251935881
1251935882
1251935884
1251935886
1305883567
1305883568
134125817
134125819
134125843
134125882
134125886
134125891
134125892
134125894
134125896
134125900
134125905
134125914
136056551
136056553
136056554
136056556
136056560
136056563
136056565
136056567
136065077
136065078
137112540
137112541
137112563
137112572
137112576
144054083
144054084
144054085
144054086
144054087
144054089
1445429550
1445429551
144953321
151282881
1520681837
1520681838
1520681839
1520681842
1524578722
153815936
153816376
153817404
153817862
153819787
153820029
153821742
153821831
153822386
153822805
153823513
153824877
153824987
153825148
153825172
153825317
153825744
153827650
153829049
153830204
153830689
153831443
162261055
162341340
162341363
162654195
162654196
162654198
167631309
167631316
167631317
206663467
216643644
235380884
235380888
235380889
297562264
315894022
315894025
371017519
371017521
388491746
388491762
388491770
388491837
388491915
388652086
388716480
388860392
388860406
388860442
388860479
388860523
388860551
388860558
388921117
388921163
389049791
389049794
389049802
389049805
389049827
389049858
389049861
389049864
391883761
448230329
448230330
448230333
448230334
448230335
448230336
448230338
448231210
451865057
472113891
472113915
55893178
567698553
618705383
62102346
680656201
683268489
683268505
683268525
683268526
683625205
683971767
683971768
683971782
683971783
695555780
699068252
699069756
699194802
699194803
699640109
701017978
701017979
713731708
727932716
727932720
727932729
730121664
730132533
730132538
730132540
746722435
746722442
746722465
746722466
746722467
746722549
746895287
746895311
746895312
748667232
748667233
748667291
748707083
748707084
753252343
753252344
753517507
753531989
753531990
758932155
758932156
772846457
844625439
844625442
845835161
845835164
846210617
846210641
846210642
846210649
846210650
850536300
866576101
866576180
866576181
866867671
866899584
866899613
866899620
866899621
866899627
866899628
866936430
866936466
866936467
866936567
866936568
867255739
867301477
867301480
867301481
867301484
867654443
872973493
872973523
875071714
875071715
875071728
875071729
901715024
901715025
901943515
90810131
90810152
90810156
90964666
90964667
91997179
94499525
94499530
96784277
969962790
